dimwishlist:item=3258665412&perks=3250034553,2969185026,2039302152,1890422124,2697220197

dimwishlist:item=2209003210&perks=3250034553,3868766766,1645158859,2213355989,2697220197

dimwishlist:item=4094657108&perks=839105230,3868766766,1645158859,2846385770,2697220197

dimwishlist:item=48643186&perks=3250034553,3142289711,699525795,2846385770,2697220197

dimwishlist:item=310708513&perks=3250034553,1561002382,247725512,1015611457,2697220197

dimwishlist:item=346136302&perks=1047830412,3142289711,706527188,957782887,2697220197

dimwishlist:item=378498222&perks=3250034553,1561002382,2846385770,1015611457,2697220197

dimwishlist:item=471518543&perks=1840239774,1087426260,3523296417,11612903,2697220197

dimwishlist:item=507038823&perks=3250034553,1561002382,3523296417,11612903,2697220197

dimwishlist:item=534775659&perks=1840239774,3868766766,2779035018,1427256713,186337601

dimwishlist:item=568515759&perks=4090651448,679225683,1015611457,2213355989,2697220197

dimwishlist:item=577528837&perks=1840239774,3142289711,2946784966,1015611457,2697220197

dimwishlist:item=599895591&perks=1840239774,3142289711,588594999,47981717,2697220197

dimwishlist:item=631439337&perks=1047830412,3142289711,3436462433,47981717,186337601

dimwishlist:item=654370424&perks=3250034553,3142289711,47981717,3038247973,2697220197

dimwishlist:item=875848769&perks=3250034553,1561002382,1631667848,4082225868,2697220197

dimwishlist:item=875848769&perks=3250034553,1561002382,2846385770,4082225868,2697220197

dimwishlist:item=875848769&perks=3250034553,1561002382,2846385770,4104185692,2697220197

dimwishlist:item=875848769&perks=3250034553,1561002382,3643424744,4104185692,2697220197

dimwishlist:item=981718087&perks=3809316345,2822142346,2010801679,3425386926,186337601

dimwishlist:item=1046651176&perks=3250034553,3142289711,2846385770,699525795,2697220197

dimwishlist:item=1046651176&perks=3250034553,3142289711,2846385770,3038247973,2697220197

dimwishlist:item=1216319404&perks=3250034553,3142289711,3038247973,699525795,2697220197

dimwishlist:item=1216319404&perks=3250034553,3230963543,3038247973,4104185692,2697220197

dimwishlist:item=1402766122&perks=1047830412,3142289711,706527188,957782887,2697220197

dimwishlist:item=1481892490&perks=202670084,1561002382,2450788523,2726471870,758092021

dimwishlist:item=1621657423&perks=2801223209,3429800428,588594999,4082225868,1639384016

dimwishlist:item=1645386487&perks=1840239774,3142289711,1645158859,957782887,186337601

dimwishlist:item=1821724780&perks=1047830412,3142289711,706527188,957782887,2697220197

dimwishlist:item=2222560548&perks=202670084,1140096971,1820235745,3523296417,384158423

dimwishlist:item=2408405461&perks=3250034553,1561002382,247725512,1015611457,2697220197

dimwishlist:item=2408405461&perks=1840239774,1561002382,247725512,1015611457,2697220197

dimwishlist:item=2714022207&perks=1840239774,2680121939,1168162263,2213355989,2697220197

dimwishlist:item=2742838700&perks=1926090095,3142289711,47981717,3038247973,2697220197

dimwishlist:item=2870169846&perks=839105230,1561002382,280464955,3523296417,2697220197

dimwishlist:item=2990047042&perks=1840239774,3142289711,588594999,957782887,186337601

dimwishlist:item=2990047042&perks=1840239774,2420895100,1523832109,1546637391,186337601

dimwishlist:item=3037520408&perks=3250034553,3142289711,4071163871,1954620775,758092021

dimwishlist:item=3075224551&perks=1840239774,2680121939,247725512,1546637391,758092021

dimwishlist:item=3075224551&perks=1840239774,2680121939,247725512,1546637391

dimwishlist:item=3184681056&perks=1047830412,3142289711,706527188,47981717

dimwishlist:item=3281285075&perks=3250034553,3142289711,1523832109,3523296417,2697220197

dimwishlist:item=3297863558&perks=3250034553,3142289711,47981717,957782887,2697220197

dimwishlist:item=3326850591&perks=1840239774,1561002382,3643424744,957782887,186337601

dimwishlist:item=3409645497&perks=1840239774,3142289711,588594999,3425386926,758092021

dimwishlist:item=3454326177&perks=3250034553,3142289711,2866798147,957782887,186337601

dimwishlist:item=3472875143&perks=2801223209,3429800428,3700496672,2848615171,1639384016

dimwishlist:item=3473290087&perks=1840239774,3142289711,588594999,2213355989,186337601

dimwishlist:item=3616586446&perks=1840239774,3142289711,1866048759,47981717,2697220197

dimwishlist:item=3637570176&perks=1840239774,3142289711,588594999,957782887,186337601

dimwishlist:item=3653573172&perks=1840239774,3142289711,588594999,47981717,186337601

dimwishlist:item=3799980700&perks=1840239774,106909392,3425386926,1015611457,758092021

dimwishlist:item=3924212056&perks=1840239774,3230963543,588594999,699525795,2697220197

dimwishlist:item=3924212056&perks=1840239774,3230963543,588594999,1015611457,2697220197

dimwishlist:item=3924212056&perks=1840239774,3230963543,588594999,3038247973,2697220197

dimwishlist:item=4020742303&perks=1047830412,3142289711,2117683199,47981717,186337601

dimwishlist:item=4095896073&perks=2801223209,3827198035,201365942,3365897133,1639384016

dimwishlist:item=4255586669&perks=981914802,3301904089,3300816228,1546637391,1154004463

dimwishlist:item=4292849692&perks=1926090095,3142289711,1168162263,1015611457,2697220197

dimwishlist:item=253196586&perks=2405638014,3868766766,1645158859,1890422124,384158423

dimwishlist:item=6857689&perks=1926090093,3142289711,1168162263,47981717,2697220197

dimwishlist:item=304659313&perks=981914802,3301904089,3436462433,1546637391,1154004463

dimwishlist:item=1392919471&perks=839105230,106909392,1523832109,2213355989

dimwishlist:item=2481881293&perks=2405638014,3868766766,1866048759,1546637391,2697220197










